670780800 +36000
686505600 +39600
702230400 +36000
717955200 +39600
733680000 +36000
749404800 +39600
765734400 +36000
781459200 +39600
797184000 +36000
812908800 +39600
828633600 +36000
844358400 +39600
860083200 +36000
875808000 +39600
891532800 +36000
907257600 +39600
922982400 +36000
939312000 +39600
955036800 +36000
970761600 +39600
986486400 +36000
1002211200 +39600
1017936000 +36000
1033660800 +39600
1049385600 +36000
1065110400 +39600
1080835200 +36000
1096560000 +39600
1112284800 +36000
1128614400 +39600
1144339200 +36000
1160064000 +39600
1175788800 +36000
1191513600 +39600
1207238400 +36000
1222963200 +39600
1238688000 +36000
1254412800 +39600
1270137600 +36000
1286467200 +39600
1302192000 +36000
1317916800 +39600
1333641600 +36000
1349366400 +39600
1365091200 +36000
1380816000 +39600
1396540800 +36000
1412265600 +39600
1427990400 +36000
1443715200 +39600
1459440000 +36000
1475769600 +39600
1491494400 +36000
1507219200 +39600
1522944000 +36000
1538668800 +39600
1554393600 +36000
1570118400 +39600
1585843200 +36000
1601568000 +39600
1617292800 +36000
1633017600 +39600
1649347200 +36000
1665072000 +39600
1680796800 +36000
1696521600 +39600
1712246400 +36000
1727971200 +39600
1743696000 +36000
1759420800 +39600
1775145600 +36000
1790870400 +39600
1806595200 +36000
1822924800 +39600
1838649600 +36000
1854374400 +39600
1870099200 +36000
1885824000 +39600
1901548800 +36000
1917273600 +39600
1932998400 +36000
1948723200 +39600
1964448000 +36000
1980172800 +39600
1995897600 +36000
2012227200 +39600
2027952000 +36000
2043676800 +39600
2059401600 +36000
2075126400 +39600
2090851200 +36000
2106576000 +39600
2122300800 +36000
2138025600 +39600
2153750400 +36000
2170080000 +39600
2185804800 +36000
2201529600 +39600
2217254400 +36000
2232979200 +39600
2248704000 +36000
2264428800 +39600
2280153600 +36000
2295878400 +39600
2311603200 +36000
2327328000 +39600
2343052800 +36000
2359382400 +39600
2375107200 +36000
2390832000 +39600
2406556800 +36000
2422281600 +39600
2438006400 +36000
2453731200 +39600
2469456000 +36000
2485180800 +39600
2500905600 +36000
2516630400 +39600
2532960000 +36000
2548684800 +39600
2564409600 +36000
2580134400 +39600
2595859200 +36000
2611584000 +39600
2627308800 +36000
2643033600 +39600
2658758400 +36000
2674483200 +39600
2690208000 +36000
2706537600 +39600
2722262400 +36000
2737987200 +39600
2753712000 +36000
2769436800 +39600
2785161600 +36000
2800886400 +39600
2816611200 +36000
2832336000 +39600
2848060800 +36000
2863785600 +39600
2879510400 +36000
2895840000 +39600
2911564800 +36000
2927289600 +39600
2943014400 +36000
2958739200 +39600
2974464000 +36000
2990188800 +39600
3005913600 +36000
3021638400 +39600
3037363200 +36000
3053692800 +39600
3069417600 +36000
3085142400 +39600
3100867200 +36000
3116592000 +39600
3132316800 +36000
3148041600 +39600
3163766400 +36000
3179491200 +39600
3195216000 +36000
3210940800 +39600
3226665600 +36000
3242390400 +39600
3258115200 +36000
3274444800 +39600
3290169600 +36000
3305894400 +39600
3321619200 +36000
3337344000 +39600
3353068800 +36000
3368793600 +39600
3384518400 +36000
3400243200 +39600
3415968000 +36000
3432297600 +39600
3448022400 +36000
3463747200 +39600
3479472000 +36000
3495196800 +39600
3510921600 +36000
3526646400 +39600
3542371200 +36000
3558096000 +39600
3573820800 +36000
3589545600 +39600
3605270400 +36000
3621600000 +39600
3637324800 +36000
3653049600 +39600
3668774400 +36000
3684499200 +39600
3700224000 +36000
3715948800 +39600
3731673600 +36000
3747398400 +39600
3763123200 +36000
3778848000 +39600
3795177600 +36000
3810902400 +39600
